s	h:m:s	max_rss	max_vms	max_uss	max_pss	io_in	io_out	mean_load
17.7279	0:00:17	68.61	245.00	63.57	63.71	0.00	2.75	123.93
