s	h:m:s	max_rss	max_vms	max_uss	max_pss	io_in	io_out	mean_load
84.8655	0:01:24	582.42	4831.10	557.79	561.36	0.00	41.71	84.54
