s	h:m:s	max_rss	max_vms	max_uss	max_pss	io_in	io_out	mean_load
52.8079	0:00:52	673.10	5573.76	648.89	650.35	1.88	87.18	90.21
