s	h:m:s	max_rss	max_vms	max_uss	max_pss	io_in	io_out	mean_load
52.7125	0:00:52	672.10	5229.39	648.67	650.08	163.47	95.44	113.29
